0 -1 9 0
0 -1 10 2
0 0 9 7
0 0 10 2
0 1 9 0
0 1 10 2
0 2 9 7
0 2 10 2
0 3 8 15
0 3 9 0
0 3 10 2
0 4 0 4
0 4 4 0
0 4 5 3
0 4 6 3
0 4 7 3
0 4 9 0
0 4 10 0
0 4 11 0
0 4 12 1
0 5 1 3
0 5 2 3
0 5 3 3
0 5 4 3
0 5 5 3
0 5 7 3
0 5 9 7
0 5 10 8
0 5 11 8
0 5 12 2
0 6 3 3
0 6 4 12
0 6 5 2
0 6 7 3
0 6 9 7
0 6 10 8
0 6 11 8
0 6 12 2
0 7 2 3
0 7 3 3
0 7 4 3
0 7 5 3
0 7 6 10
0 7 7 3
0 7 8 10
0 7 9 7
0 7 10 8
0 7 11 8
0 7 12 2
0 8 0 1
0 8 3 6
0 8 5 3
0 8 6 3
0 8 9 7
0 8 10 8
0 8 11 8
0 8 12 2
0 9 -1 14
0 9 0 2
0 9 4 13
0 9 5 3
0 9 6 3
0 9 9 7
0 9 10 8
0 9 11 8
0 9 12 2
0 10 0 2
0 10 1 10
0 10 2 10
0 10 3 10
0 10 4 10
0 10 5 3
0 10 9 7
0 10 10 8
0 10 11 8
0 10 12 2
0 11 -2 6
0 11 0 2
0 11 5 3
0 11 6 3
0 11 9 7
0 11 10 8
0 11 11 8
0 11 12 2
0 12 -1 14
0 12 0 3
0 12 2 3
0 12 3 3
0 12 4 3
0 12 5 2
0 12 6 3
0 12 7 3
0 12 9 7
0 12 10 8
0 12 11 8
0 12 12 2
0 13 5 2
0 13 7 3
0 13 8 3
0 13 9 7
0 13 10 8
0 13 11 8
0 13 12 2
0 14 4 11
0 14 5 2
0 14 8 3
0 14 9 1
0 14 10 0
0 14 11 0
0 14 12 3
0 14 13 4
0 15 5 2
0 15 8 15
0 15 9 2
0 16 2 4
0 16 5 2
0 16 9 2
0 17 4 14
0 17 5 2
0 17 8 14
0 17 9 2
0 18 -1 11
0 18 0 4
0 18 4 15
0 18 5 2
0 18 8 13
0 18 9 2
0 19 5 3
0 19 9 3
1 8 11 11
1 11 10 5
